2
47	52
55	80
47	52
B	0	
L	0	
R	6	
47	387	228	1224
48	384	230	1239
49	381	231	1247
50	378	232	1256
51	374	232	1273
52	374	234	1280
55	80
B	0	
L	0	
R	26	
55	369	241	1320
56	369	241	1323
57	369	242	1321
58	368	243	1322
59	368	243	1324
60	369	243	1324
61	365	244	1325
62	368	243	1324
63	369	243	1324
64	368	242	1325
65	368	242	1326
66	369	242	1326
67	369	242	1326
68	368	242	1326
69	368	242	1325
70	368	243	1326
71	368	242	1326
72	368	243	1326
73	368	241	1326
74	368	241	1326
75	369	240	1326
76	370	242	1324
77	371	241	1326
78	373	239	1315
79	375	238	1313
80	377	236	1297
