-111	398	1500
-267	-366	1436	72	-376	1440
-267	-366	1436	72	-376	1440
-267	-366	1436	73	-376	1439
-266	-366	1436	73	-376	1439
-266	-366	1436	73	-376	1439
-266	-366	1436	73	-376	1439
-266	-366	1436	73	-376	1439
-266	-366	1436	73	-376	1439
-266	-366	1437	73	-376	1439
-266	-366	1437	73	-376	1439
-266	-366	1437	73	-376	1439
-266	-366	1437	73	-376	1439
-266	-366	1437	73	-376	1439
-266	-366	1437	73	-376	1439
-266	-366	1437	73	-376	1439
-266	-366	1437	73	-376	1439
-266	-366	1437	73	-376	1439
-265	-366	1437	73	-376	1439
-265	-366	1437	73	-376	1439
-265	-366	1437	73	-376	1438
-265	-366	1437	73	-376	1438
-265	-366	1437	73	-376	1438
-265	-366	1437	73	-376	1438
-265	-366	1437	73	-376	1438
-265	-366	1437	73	-376	1438
-265	-366	1437	73	-376	1438
-265	-366	1437	73	-376	1438
-265	-366	1437	73	-376	1438
-265	-366	1437	73	-376	1438
-265	-366	1437	73	-376	1438
-265	-366	1437	73	-376	1438
-265	-366	1437	73	-376	1437
-265	-366	1437	73	-376	1437
-265	-366	1437	73	-376	1437
-265	-366	1437	73	-376	1437
-265	-366	1437	73	-376	1437
-265	-366	1437	73	-375	1437
-265	-366	1437	73	-375	1437
-265	-366	1437	73	-375	1437
-265	-366	1437	73	-375	1437
-265	-366	1437	73	-375	1437
-265	-366	1437	73	-377	1435
-265	-366	1437	74	-379	1432
-265	-366	1437	76	-382	1419
-265	-366	1437	79	-383	1381
-265	-366	1437	83	-356	1324
-265	-366	1438	82	-340	1259
-265	-366	1438	81	-313	1224
-265	-366	1438	77	-275	1199
-265	-366	1438	71	-233	1167
-265	-366	1438	61	-192	1141
-265	-366	1438	52	-159	1129
-265	-365	1438	16	-83	1079
-265	-365	1438	10	-66	1077
-265	-365	1438	0	-32	1081
-265	-365	1439	-16	9	1092
-265	-365	1439	-22	22	1099
-265	-365	1439	-35	51	1124
-265	-365	1439	-41	62	1137
-265	-364	1439	-51	77	1162
-265	-364	1440	-58	83	1180
-265	-364	1440	-64	71	1206
-265	-364	1440	-66	65	1218
-266	-364	1440	-67	59	1232
-266	-364	1440	-69	54	1243
-266	-364	1440	-69	49	1254
-266	-363	1440	-69	45	1263
-266	-363	1440	-68	41	1271
-266	-363	1441	-69	40	1279
-266	-363	1441	-70	41	1284
-266	-363	1441	-71	42	1288
-266	-363	1441	-72	42	1292
-266	-363	1441	-73	42	1295
-266	-363	1441	-74	43	1296
-266	-363	1441	-77	45	1298
-266	-363	1441	-76	43	1303
-266	-363	1441	-78	44	1304
-266	-363	1441	-79	44	1305
-266	-363	1441	-80	45	1306
-266	-363	1441	-81	45	1307
-266	-363	1441	-82	46	1308
-266	-363	1441	-83	47	1310
-266	-363	1441	-84	49	1312
-266	-363	1442	-84	52	1314
-266	-363	1442	-84	54	1315
-266	-363	1442	-84	57	1316
-266	-363	1442	-83	62	1315
-266	-363	1442	-81	66	1314
-266	-362	1442	-64	59	1320
-266	-362	1442	-61	58	1321
-266	-362	1442	-60	58	1320
-266	-362	1442	-60	59	1318
-266	-362	1442	-66	64	1312
-266	-362	1442	-75	68	1303
-266	-362	1442	-87	67	1292
-266	-363	1442	-98	60	1281
-266	-363	1442	-115	49	1271
-266	-363	1442	-132	33	1265
-266	-363	1442	-145	20	1265
-266	-363	1443	-155	9	1267
-266	-363	1443	-160	-18	1264
-266	-364	1443	-150	-52	1254
-266	-365	1443	-149	-61	1252
-266	-366	1443	-149	-68	1252
-266	-368	1443	-150	-74	1253
-266	-369	1443	-151	-79	1254
-265	-370	1443	-155	-79	1263
-265	-371	1443	-158	-78	1269
-265	-372	1443	-191	-68	1285
-265	-373	1443	-189	-69	1288
-265	-374	1443	-201	-65	1294
-265	-374	1443	-197	-65	1296
-265	-375	1443	-194	-66	1298
-265	-375	1443	-191	-66	1299
-265	-375	1443	-189	-67	1300
-265	-376	1443	-188	-67	1300
-265	-376	1443	-189	-67	1301
-265	-376	1443	-189	-67	1302
-265	-376	1443	-190	-67	1302
-265	-376	1443	-191	-67	1302
-265	-376	1442	-191	-67	1302
-265	-376	1442	-191	-66	1303
-265	-376	1442	-192	-65	1304
-265	-377	1442	-192	-62	1305
-265	-377	1442	-192	-62	1305
-265	-377	1442	-192	-61	1305
-265	-377	1442	-192	-59	1305
-265	-377	1442	-192	-58	1305
-265	-377	1442	-192	-58	1305
-265	-377	1442	-192	-58	1305
-265	-377	1442	-192	-58	1305
-265	-377	1442	-192	-58	1305
-265	-378	1442	-192	-58	1305
-265	-378	1442	-190	-61	1303
-265	-378	1442	-189	-61	1302
-265	-378	1442	-189	-62	1302
-265	-378	1442	-187	-65	1300
-265	-378	1442	-186	-66	1299
-265	-378	1442	-186	-66	1298
-265	-378	1442	-185	-67	1298
-265	-377	1442	-185	-67	1297
-265	-377	1442	-182	-71	1292
-265	-377	1442	-180	-73	1288
-265	-377	1442	-166	-76	1280
-265	-376	1440	-74	-68	1309
-264	-374	1435	-120	-30	1288
-263	-366	1418	-122	-25	1287
-259	-344	1391	-116	-3	1282
-263	-311	1369	-111	22	1278
-265	-292	1365	-96	60	1275
-256	-280	1349	-85	82	1276
-248	-267	1337	-74	121	1279
-240	-248	1324	-72	139	1282
-235	-234	1314	-47	198	1295
-229	-217	1305	-53	210	1297
-221	-198	1296	-63	266	1298
-214	-183	1292	-62	287	1313
-208	-171	1288	-60	299	1321
-203	-159	1284	-56	307	1326
-199	-152	1282	-52	313	1331
-196	-145	1279	-49	317	1334
-192	-140	1277	-47	320	1336
-171	-94	1297	-47	321	1337
-154	-85	1295	-47	304	1311
-148	-82	1295	-11	243	1313
-145	-79	1295	-14	218	1308
-154	-74	1299	-23	191	1303
-137	-83	1293	-35	156	1298
-160	-73	1307	-43	125	1293
-154	-74	1304	-73	107	1282
-163	-70	1309	-81	92	1279
-168	-68	1313	-85	81	1278
-172	-67	1315	-90	58	1280
-175	-65	1317	-97	-7	1284
-166	-81	1305	-97	-13	1284
-155	-84	1298	-96	-22	1284
-155	-83	1298	-96	-28	1284
-154	-80	1299	-96	-32	1285
-153	-79	1299	-96	-35	1285
-152	-78	1299	-95	-37	1285
-152	-78	1299	-95	-39	1285
-151	-74	1300	-95	-40	1285
-173	-62	1322	-95	-42	1286
-166	-63	1317	-90	-42	1285
-161	-62	1313	-88	-42	1285
-159	-62	1312	-87	-42	1285
-158	-62	1311	-80	-28	1290
-153	-81	1302	-77	-19	1292
-152	-86	1300	-83	10	1289
-151	-100	1296	-86	19	1288
-153	-112	1292	-88	30	1287
-165	-141	1285	-89	43	1284
-165	-148	1280	-88	70	1284
-190	-177	1283	-82	93	1283
-211	-167	1306	-70	111	1290
-220	-172	1313	-83	158	1318
-228	-226	1307	-55	180	1319
-232	-238	1309	-49	186	1320
-240	-266	1324	-68	220	1328
-248	-301	1335	-68	229	1330
-254	-323	1347	-60	228	1326
-261	-340	1362	-51	227	1321
-268	-355	1378	-17	235	1296
-273	-362	1392	-13	236	1293
-277	-367	1404	-9	236	1290
-281	-370	1415	-12	230	1278
-283	-372	1424	-15	223	1266
-285	-373	1431	-18	221	1243
-286	-373	1437	-17	216	1229
-287	-372	1441	-15	210	1219
-287	-372	1444	-12	202	1208
-288	-371	1447	0	178	1187
-288	-371	1449	1	173	1183
-288	-371	1450	2	171	1181
-288	-370	1452	2	171	1179
-288	-370	1453	2	171	1177
-288	-370	1453	2	171	1176
-288	-370	1454	0	171	1179
-288	-370	1455	-10	182	1200
-288	-369	1455	-15	186	1208
-288	-369	1455	-24	192	1218
-288	-370	1456	-29	198	1227
-288	-370	1456	-31	199	1230
-288	-370	1456	-30	202	1238
-288	-370	1456	-30	205	1243
-288	-370	1456	-29	207	1246
-288	-370	1457	-29	208	1248
-288	-370	1457	-29	208	1248
-288	-370	1457	-30	207	1242
-288	-370	1457	-31	197	1225
-287	-370	1457	-26	180	1208
-287	-370	1457	-24	172	1199
-287	-370	1457	-22	163	1190
-287	-370	1457	-21	157	1182
-287	-370	1457	-20	153	1176
-287	-370	1457	-18	148	1170
-287	-370	1457	6	110	1162
-287	-369	1458	10	104	1162
-287	-369	1458	10	104	1161
-287	-369	1458	10	103	1159
-287	-370	1458	10	103	1158
-287	-370	1457	10	103	1156
-290	-372	1444	10	103	1155
-307	-365	1398	11	104	1155
-322	-336	1359	12	106	1156
-336	-297	1321	13	108	1158
-346	-250	1284	15	111	1161
-352	-143	1232	17	116	1169
-340	-99	1150	19	121	1177
-333	-57	1170	20	126	1185
-331	-28	1179	21	129	1191
-326	11	1193	20	133	1198
-313	46	1200	18	136	1205
-290	83	1203	16	138	1211
-272	104	1208	13	140	1217
-255	120	1212	11	142	1222
-240	134	1218	8	142	1226
-227	143	1224	5	142	1231
-215	149	1229	2	142	1234
-206	153	1234	0	142	1237
-197	156	1238	-1	142	1239
-191	157	1240	-3	142	1240
-186	157	1242	-4	141	1242
-182	156	1243	-5	141	1243
-177	153	1244	-6	141	1244
-173	152	1245	-7	141	1244
-169	150	1246	-7	140	1245
-165	149	1247	-7	140	1245
-162	147	1247	-8	140	1246
-160	146	1247	-8	139	1246
-158	145	1247	-8	139	1246
-156	144	1248	-8	139	1247
-149	142	1248	-8	138	1247
-144	141	1248	-7	138	1247
-140	140	1247	-7	137	1248
-137	140	1247	-7	136	1248
-135	139	1246	-7	136	1248
-133	139	1247	-7	135	1248
-132	139	1247	-7	135	1249
-130	139	1247	-7	134	1249
-129	139	1247	-7	134	1249
-128	139	1248	-7	133	1249
-126	142	1251	-6	133	1249
-124	144	1253	-6	133	1249
-124	144	1253	-6	133	1249
-124	141	1249	-6	132	1249
-124	139	1247	-6	132	1249
-132	135	1247	-6	132	1249
-136	133	1247	-6	133	1249
-140	134	1247	-7	137	1250
-145	135	1248	-7	143	1252
-153	139	1248	-6	149	1254
-162	144	1248	-3	156	1256
-170	149	1249	1	162	1257
-179	152	1249	8	166	1259
-189	155	1250	15	170	1261
-199	158	1250	22	173	1263
-208	162	1250	27	176	1264
-217	164	1251	32	178	1264
-223	167	1251	35	179	1265
-227	168	1251	37	179	1265
-229	169	1251	39	180	1265
-231	169	1252	39	180	1264
-231	170	1252	39	180	1263
-231	171	1252	38	180	1261
-227	172	1252	33	180	1256
-221	173	1252	26	181	1250
-213	173	1251	16	183	1244
-206	173	1250	6	184	1239
-200	172	1249	-18	206	1222
-188	177	1243	-27	214	1215
-182	180	1240	-33	219	1211
-165	185	1216	-41	223	1205
-163	185	1213	-47	226	1200
-161	186	1210	-51	227	1196
-158	187	1209	-56	229	1191
-156	187	1207	-67	227	1185
-156	186	1206	-74	225	1180
-155	187	1204	-3	50	1227
-154	188	1201	-31	108	1178
-170	125	1174	-37	119	1169
-175	105	1167	-40	124	1164
-191	25	1156	-42	126	1162
-187	20	1141	-42	127	1160
-185	-81	1096	-42	128	1161
-218	-144	1147	-53	142	1162
-232	-194	1166	-59	150	1163
-254	-252	1198	-59	162	1168
-271	-293	1234	-54	182	1179
-284	-351	1271	-52	199	1190
-290	-373	1303	-49	225	1207
-295	-392	1335	-46	245	1226
-298	-402	1363	-42	260	1244
-301	-407	1386	-30	270	1270
-302	-409	1403	-22	274	1287
-303	-410	1416	-18	277	1301
-303	-411	1427	-16	279	1313
-303	-405	1439	-18	286	1332
-303	-402	1446	-20	288	1346
-302	-400	1451	-20	289	1356
-302	-398	1454	-20	289	1365
-279	-368	1478	-19	289	1371
-277	-367	1480	-19	288	1376
-276	-366	1481	-19	287	1381
-276	-365	1482	-19	286	1386
-275	-364	1483	-20	284	1389
-275	-363	1484	-19	283	1392
-274	-362	1484	-19	282	1394
-274	-362	1485	-19	279	1394
-274	-361	1485	-24	281	1404
-273	-360	1486	-23	278	1402
-273	-360	1486	-26	279	1407
-273	-359	1486	-26	278	1408
-273	-358	1486	-25	276	1405
-273	-358	1486	-17	277	1406
-273	-357	1486	-16	275	1407
-273	-357	1486	-19	275	1409
-273	-357	1485	-19	274	1409
-273	-356	1485	-18	274	1409
-273	-356	1485	-18	273	1409
-273	-355	1485	-64	303	1382
-273	-355	1484	-52	292	1383
-273	-355	1484	-40	284	1380
-273	-354	1484	-31	276	1377
-273	-354	1484	-25	261	1367
-273	-354	1484	-22	248	1359
-274	-354	1482	-21	236	1353
-275	-354	1480	-24	229	1349
-279	-359	1475	-30	208	1350
-281	-361	1472	-33	197	1350
-283	-363	1470	-37	186	1349
-284	-365	1468	-43	168	1331
-285	-366	1467	-46	159	1320
-286	-367	1466	-49	124	1265
-286	-368	1466	-50	119	1253
-286	-369	1465	-50	113	1230
-286	-370	1465	-48	108	1207
-286	-370	1465	-47	104	1186
-287	-371	1465	-49	101	1152
-287	-371	1465	-48	100	1137
-287	-371	1465	-47	96	1118
-287	-372	1465	-45	93	1103
-287	-373	1465	-44	91	1095
-287	-373	1465	-43	89	1089
-287	-373	1465	-43	89	1085
-287	-374	1465	-42	88	1084
-287	-374	1466	-42	89	1084
-287	-374	1466	-42	91	1091
-287	-374	1466	-41	95	1106
-287	-374	1466	-41	98	1121
-287	-375	1466	-41	100	1132
-287	-375	1467	-41	102	1141
-287	-375	1467	-41	103	1147
-287	-375	1467	-41	104	1151
-287	-375	1467	-41	105	1152
-287	-375	1467	-40	105	1152
-287	-375	1467	-40	105	1151
-287	-375	1467	-39	105	1145
-287	-375	1467	-37	104	1134
-287	-375	1467	-35	102	1122
-287	-375	1467	-33	99	1110
-287	-375	1467	-31	97	1099
-287	-375	1467	-30	94	1090
-287	-375	1467	-29	92	1081
-287	-376	1467	-28	90	1075
-287	-376	1466	-28	89	1069
-288	-376	1462	-29	88	1065
-289	-377	1444	-32	87	1060
-287	-370	1405	-42	84	1057
-285	-343	1357	-64	81	1057
-279	-318	1328	-95	78	1067
-270	-285	1295	-133	75	1084
-260	-247	1271	-176	78	1119
-248	-207	1247	-191	78	1141
-240	-182	1238	-194	69	1175
-219	-145	1221	-198	64	1201
-213	-133	1217	-236	69	1235
-204	-111	1213	-226	63	1245
-197	-97	1210	-246	69	1282
-178	-79	1204	-251	71	1291
-167	-69	1200	-252	71	1294
-160	-63	1198	-254	71	1295
-156	-60	1197	-254	71	1297
-90	-39	1201	-255	63	1294
-57	-17	1211	-254	57	1292
-53	-13	1206	-245	38	1275
-46	-10	1200	-239	42	1271
-44	-20	1191	-161	37	1242
-38	-1	1190	-135	36	1228
-79	-2	1184	-130	36	1225
-92	-2	1182	-127	35	1222
-99	-3	1181	-77	39	1206
-103	-3	1181	-68	49	1186
-105	-2	1182	-26	42	1144
-107	-2	1182	57	52	1150
-108	-2	1182	63	52	1150
-109	-2	1182	29	28	1034
-110	-2	1183	156	44	1159
-110	-1	1183	162	45	1162
-111	-1	1183	172	48	1163
-111	-1	1183	211	50	1184
-112	-1	1184	219	50	1187
-112	-1	1184	233	52	1195
-113	-1	1184	244	53	1203
-113	-2	1185	253	54	1208
-113	-2	1185	266	57	1217
-114	-2	1186	274	58	1224
-114	-2	1186	279	59	1227
-114	-2	1187	283	60	1231
-115	-3	1187	294	60	1252
-115	-3	1188	298	60	1258
-115	-3	1188	300	60	1262
-115	-3	1188	302	60	1264
-116	-3	1189	303	60	1266
-116	-3	1189	304	60	1267
-116	-3	1189	304	60	1267
-116	-3	1189	304	59	1267
-133	-21	1202	301	52	1264
-138	-28	1205	282	19	1232
-151	-51	1207	277	3	1226
-189	-102	1209	266	-61	1237
-218	-136	1216	265	-92	1235
-241	-185	1218	265	-148	1245
-264	-230	1233	262	-191	1265
-287	-276	1253	253	-240	1290
-305	-315	1281	237	-299	1311
-319	-351	1313	221	-330	1331
-326	-375	1341	201	-361	1354
-329	-395	1371	175	-386	1385
-329	-404	1396	160	-400	1400
-327	-408	1416	130	-413	1421
-324	-408	1432	112	-417	1433
-321	-407	1441	103	-419	1439
-318	-406	1450	97	-419	1443
-314	-408	1456	91	-417	1447
-311	-408	1461	86	-413	1450
-308	-405	1464	81	-409	1453
-305	-402	1467	77	-406	1455
-302	-400	1469	74	-403	1456
-301	-397	1470	72	-401	1457
-299	-395	1471	71	-399	1457
-298	-393	1471	70	-398	1458
-296	-391	1471	69	-396	1458
-295	-389	1471	68	-395	1458
-293	-388	1471	67	-394	1458
-292	-386	1470	67	-393	1458
-292	-385	1470	66	-392	1458
-291	-384	1469	66	-391	1458
-290	-383	1469	66	-390	1458
-290	-382	1468	65	-389	1457
-289	-381	1468	65	-388	1457
