3
43	48
49	82
84	86
43	48
B	0	
L	43	336	220	1225
44	336	214	1236
45	336	214	1260
46	337	207	1254
47	335	206	1262
48	337	205	1282
R	6	
43	396	233	1268
44	393	227	1273
45	390	223	1280
46	390	219	1286
47	387	217	1292
48	387	215	1301
49	82
B	33	
49	362	209	1304
50	362	212	1304
52	363	215	1312
53	363	215	1313
54	363	216	1311
55	363	217	1311
56	363	219	1311
57	363	217	1307
58	364	217	1307
59	364	217	1308
60	364	214	1304
61	364	214	1306
62	364	218	1311
63	365	218	1311
64	364	217	1307
65	364	215	1304
66	365	218	1308
67	365	214	1303
68	365	214	1304
69	364	217	1309
70	364	218	1307
71	365	214	1303
72	364	217	1308
73	364	217	1306
74	364	217	1307
75	365	215	1305
76	365	218	1306
77	365	220	1310
78	365	214	1307
79	365	216	1305
80	365	216	1305
81	365	217	1306
82	365	212	1300
L	0	
R	0	
84	86
B	3	
84	364	212	1300
85	364	219	1302
86	364	220	1297
L	0	
R	0	
