4
48	53
59	68
88	93
96	119
48	53
B	0	
L	0	
R	6	
48	368	239	1327
49	367	242	1332
50	366	241	1339
51	364	242	1336
52	362	239	1332
53	358	240	1331
59	68
B	0	
L	0	
R	8	
59	319	241	1343
61	296	247	1354
62	292	249	1353
63	287	251	1352
65	278	255	1351
66	274	256	1334
67	268	257	1327
68	264	259	1315
88	93
B	0	
L	0	
R	4	
88	435	234	988
89	448	234	987
91	478	237	1002
93	508	242	963
96	119
B	0	
L	0	
R	23	
96	541	245	1022
97	543	244	1047
98	548	244	1049
99	549	244	1066
100	553	245	1062
101	551	246	1068
102	551	247	1084
103	553	249	1084
105	552	252	1102
106	551	252	1114
107	546	253	1116
108	548	253	1109
109	545	254	1118
110	545	254	1124
111	544	253	1115
112	545	253	1121
113	542	253	1114
114	543	252	1112
115	541	251	1114
116	538	251	1122
117	539	252	1126
118	533	251	1131
119	516	253	1150
